1 -37.828
2 -46.335
3 28.108
4 12.146
5 -45.285
6 38.675
7 27.173
8 -29.637
9 1.619
10 10.781
11 7.0
12 -24.925
13 -25.518
14 45.933
15 42.266
16 -1.439
17 -18.879
18 20.115
19 3.188
20 30.375
21 -15.127
22 24.68
23 -34.439
24 -19.989
25 9.614
26 -14.803
27 -38.863
28 8.238
29 -9.95
30 -16.286
31 23.072
32 -48.467
33 15.538
34 -24.375
35 -42.655
36 -33.967
37 25.416
38 -40.562
39 -5.782
40 29.197
41 44.347
42 -0.891
43 32.764
44 13.771
45 -9.24
46 14.326
47 -15.093
48 43.551
49 6.238
50 25.329
51 26.867
52 13.869
53 30.853
54 24.039
55 21.88
56 -24.534
57 28.143
58 -0.77
59 -49.682
60 -1.964
61 -13.495
62 -44.175
63 -32.547
64 23.601
65 23.201
66 -15.146
67 -27.71
68 28.327
69 8.656
70 -32.221
71 -8.4
72 38.905
73 48.201
74 -42.817
75 -39.335
76 1.768
77 37.118
78 -4.156
79 -0.034
80 -37.525
81 -49.004
82 26.613
83 17.827
84 24.949
85 -38.503
86 17.989
87 -9.869
88 45.82
89 22.269
90 15.189
91 20.682
92 47.28
93 -2.181
94 27.613
95 -6.782
96 -34.395
97 -21.872
98 -36.174
99 34.268
100 7.315
101 -3.476
102 -30.827
103 -33.725
104 -6.591
105 -31.597
106 14.929
107 -14.958
108 5.155
109 -46.008
110 23.22
111 37.421
112 9.351
113 41.533
114 8.183
115 -35.379
116 38.281
117 -48.15
118 1.044
119 46.203
120 13.403
121 -5.007
122 7.988
123 -19.489
124 -34.04
125 16.489
126 -15.724
127 -41.464
128 -47.948
129 -13.629
130 -6.008
131 9.389
132 -23.994
133 27.826
134 -1.307
135 -19.092
136 -36.24
137 -11.905
138 -34.011
139 44.411
140 9.073
141 -11.393
142 3.495
143 46.506
144 -43.772
145 42.343
146 -30.507
147 -32.671
148 22.839
149 -1.177
150 -14.162
151 -20.657
152 -22.341
153 -12.236
154 -47.973
155 16.357
156 -31.948
157 -8.002
158 19.62
159 -48.138
160 -7.433
161 -1.952
162 22.908
163 21.125
164 -47.325
165 23.999
166 40.431
167 -41.618
168 -0.993
169 -25.983
170 -11.041
171 -49.852
172 -24.293
173 40.601
174 -47.758
175 39.583
176 43.098
177 43.534
178 39.683
179 47.755
180 -39.662
181 3.657
182 -47.852
183 -39.654
184 27.207
185 0.191
186 24.586
187 -46.359
188 34.477
189 23.228
190 38.285
191 -6.752
192 3.741
193 18.916
194 11.741
195 -15.63
196 -32.927
197 48.653
198 -41.264
199 22.566
200 -6.897
201 8.738
202 -23.313
203 -0.049
204 47.944
205 3.048
206 -26.701
207 17.112
208 -7.076
209 44.25
210 -8.849
211 -33.035
212 -25.611
213 -40.726
214 -25.107
215 -8.7
216 8.061
217 -24.208
218 -0.183
219 21.995
220 -2.085
221 -2.456
222 10.691
223 42.113
224 -30.195
225 -25.555
226 -42.81
227 -26.794
228 43.499
229 -22.877
230 -38.021
231 -15.255
232 -30.536
233 49.351
234 -15.466
235 -49.778
236 -1.435
237 2.232
238 -43.114
239 -23.846
240 19.028
241 8.517
242 18.075
243 -42.14
244 25.178
245 -2.628
246 -4.698
247 -0.322
248 -21.816
249 -6.781
250 18.513
251 -43.571
252 9.047
253 -40.629
254 -29.034
255 -30.847
256 42.305
257 21.389
258 9.159
259 -11.94
260 -49.701
261 42.028
262 35.733
263 -12.229
264 -15.099
265 -34.879
266 34.676
267 22.035
268 -33.148
269 -35.371
270 8.61
271 46.653
272 -0.045
273 41.985
274 33.987
275 16.592
276 48.859
277 38.523
278 46.53
279 17.693
280 -13.508
281 13.767
282 39.788
283 40.313
284 9.052
285 -6.2
286 47.456
287 7.651
288 37.135
289 -28.909
290 2.268
291 -46.033
292 31.916
293 9.47
294 28.947
295 24.89
296 24.406
297 47.723
298 -44.314
299 -31.166
300 -32.894
301 31.772
302 33.041
303 39.083
304 14.674
305 7.767
306 33.813
307 -13.851
308 37.842
309 -18.949
310 49.061
311 -43.391
312 -23.678
313 43.871
314 11.721
315 29.394
316 -44.793
317 -0.159
318 -27.269
319 7.094
320 -29.867
321 -18.611
322 -47.805
323 40.996
324 43.324
325 -21.69
326 -37.134
327 20.243
328 -10.963
329 -3.685
330 31.746
331 -0.577
332 34.432
333 37.312
334 37.518
335 16.156
336 -36.721
337 8.846
338 -26.611
339 -12.64
340 -8.11
341 -48.983
342 3.802
343 40.397
344 -6.804
345 1.116
346 -5.784
347 38.87
348 -15.129
349 23.354
350 22.152
351 44.718
352 17.17
353 11.277
354 23.585
355 -33.895
356 19.306
357 49.713
358 42.279
359 -26.82
360 6.166
361 -49.557
362 3.055
363 -42.11
364 -14.576
365 3.288
366 -6.132
367 33.526
368 15.119
369 20.496
370 -7.203
371 -47.143
372 49.067
373 -8.175
374 -40.409
375 44.771
376 -26.691
377 35.628
378 48.699
379 -15.234
380 -31.001
381 24.344
382 -46.483
383 -6.844
384 9.208
385 -42.967
386 -39.483
387 32.228
388 20.113
389 -18.512
390 46.106
391 39.568
392 23.867
393 -2.085
394 19.548
395 8.078
396 44.581
397 -8.369
398 48.081
399 -10.978
400 -38.668
401 31.75
402 -34.187
403 29.522
404 18.549
405 -35.069
406 -15.962
407 28.206
408 18.05
409 29.548
410 -40.324
411 47.297
412 -2.894
413 -7.572
414 -0.997
415 -20.863
416 32.467
417 46.895
418 23.638
419 -0.189
420 -17.079
421 3.433
422 -16.407
423 -34.753
424 -24.684
425 -5.111
426 46.248
427 -30.189
428 15.447
429 36.555
430 40.341
431 -26.056
432 -27.557
433 -31.94
434 23.564
435 -41.178
436 -41.722
437 -17.025
438 19.821
439 24.202
440 -24.655
441 30.515
442 8.081
443 -31.364
444 -8.868
445 -2.188
446 19.328
447 -38.249
448 14.779
449 -30.706
450 19.798
451 7.483
452 -43.87
453 -24.28
454 27.06
455 10.087
456 -41.817
457 26.251
458 9.427
459 -29.007
460 -10.895
461 25.021
462 12.834
463 34.196
464 15.663
465 19.258
466 -38.471
467 7.631
468 26.247
469 -12.578
470 10.06
471 -29.794
472 47.157
473 -34.637
474 23.67
475 -4.379
476 39.78
477 -36.703
478 -10.049
479 17.442
480 -6.565
481 33.141
482 35.521
483 20.392
484 -34.944
485 -5.069
486 19.499
487 -37.104
488 -18.829
489 -34.58
490 5.152
491 16.745
492 37.566
493 12.509
494 18.268
495 -42.629
496 -35.811
497 -34.765
498 12.703
499 21.323
500 6.274
501 29.843
502 41.963
503 -39.978
504 -3.055
505 -23.332
506 40.583
507 -15.815
508 49.379
509 5.985
510 18.895
511 10.028
512 -6.86
513 -6.298
514 16.367
515 19.802
516 -33.436
517 39.755
518 34.66
519 -28.471
520 -26.691
521 2.351
522 16.086
523 11.164
524 -35.695
525 -2.048
526 -30.036
527 39.376
528 15.508
529 28.045
530 11.971
531 44.843
532 -41.472
533 1.793
534 0.909
535 -28.449
536 34.825
537 15.935
538 -11.92
539 -19.202
540 43.834
541 11.019
542 -38.27
543 -23.923
544 48.024
545 -30.74
546 15.741
547 -1.014
548 44.086
549 41.046
550 -3.388
551 -44.357
552 45.449
553 -7.684
554 11.214
555 -14.142
556 32.149
557 -38.715
558 23.136
559 -2.127
560 -1.112
561 27.211
562 47.359
563 -40.453
564 -31.466
565 13.485
566 13.423
567 -3.096
568 24.454
569 -35.548
570 -43.135
571 33.457
572 -17.208
573 -6.708
574 -49.953
575 -2.873
576 -27.776
577 3.99
578 4.587
579 -31.664
580 21.713
581 32.152
582 -26.937
583 25.875
584 16.448
585 45.739
586 -46.505
587 47.453
588 -49.995
589 -13.608
590 -35.019
591 32.595
592 -20.177
593 45.634
594 -3.603
595 45.453
596 -19.527
597 10.931
598 3.865
599 33.403
600 21.535
601 11.193
602 -32.86
603 23.206
604 14.341
605 -27.894
606 -27.44
607 -36.554
608 18.784
609 -34.387
610 -2.726
611 -5.341
612 -29.571
613 23.144
614 39.787
615 43.052
616 -0.896
617 2.048
618 -9.299
619 -46.703
620 -37.854
621 -23.483
622 -43.929
623 -17.666
624 11.222
625 0.456
626 -36.703
627 3.115
628 -17.457
629 -23.103
630 31.496
631 12.022
632 -4.655
633 9.104
634 39.567
635 -5.363
636 23.085
637 29.195
638 39.624
639 -34.275
640 19.59
641 22.902
642 -4.966
643 48.341
644 -44.611
645 18.503
646 -5.706
647 -29.048
648 -15.627
649 28.439
650 -41.399
651 -1.717
652 -13.368
653 -42.578
654 3.652
655 -16.647
656 -13.61
657 -15.798
658 -42.726
659 21.866
660 -3.705
661 37.749
662 -37.187
663 16.039
664 6.068
665 -42.619
666 34.055
667 -16.229
668 21.867
669 -35.836
670 16.089
671 -48.372
672 -8.781
673 9.126
674 5.804
675 -12.008
676 -36.755
677 26.939
678 29.809
679 1.73
680 -36.526
681 17.683
682 -26.771
683 41.443
684 -10.012
685 2.033
686 -23.766
687 30.012
688 -44.58
689 -5.765
690 -35.792
691 4.541
692 7.479
693 39.606
694 7.504
695 -20.869
696 31.496
697 -29.899
698 8.826
699 -24.349
700 -31.491
701 12.465
702 -47.178
703 -24.527
704 14.612
705 9.995
706 9.18
707 -9.673
708 -29.209
709 -41.157
710 13.056
711 32.462
712 44.671
713 27.527
714 -11.739
715 -31.906
716 -38.253
717 1.569
718 8.93
719 24.813
720 -48.139
721 11.712
722 46.516
723 -27.473
724 -48.151
725 -2.477
726 -2.604
727 5.333
728 -25.255
729 -37.798
730 30.345
731 -43.416
732 -43.946
733 9.21
734 4.193
735 18.425
736 12.527
737 -32.76
738 16.982
739 -27.954
740 -45.247
741 -32.067
742 -33.363
743 -48.128
744 30.04
745 34.858
746 10.079
747 24.058
748 -49.574
749 27.079
750 -8.747
751 13.517
752 -24.874
753 31.188
754 6.762
755 13.328
756 -6.352
757 37.4
758 10.055
759 -6.561
760 -39.574
761 39.125
762 12.273
763 -28.47
764 -39.567
765 -48.59
766 25.487
767 28.68
768 14.64
769 27.36
770 -49.24
771 -15.607
772 -23.984
773 -19.704
774 -34.541
775 13.9
776 -20.728
777 39.435
778 -38.72
779 45.081
780 26.8
781 25.319
782 19.371
783 -13.617
784 3.306
785 -42.048
786 40.355
787 -14.84
788 -5.668
789 44.657
790 -0.254
791 -12.968
792 -9.446
793 26.036
794 -24.504
795 -22.312
796 -33.227
797 10.353
798 39.442
799 3.307
800 -45.93
801 -48.089
802 -32.735
803 29.906
804 -8.365
805 21.795
806 26.868
807 42.893
808 -13.008
809 -9.419
810 14.589
811 -6.941
812 2.596
813 -26.411
814 15.169
815 -6.71
816 -25.248
817 7.549
818 -12.525
819 -29.2
820 40.06
821 -49.062
822 6.984
823 43.247
824 -11.325
825 21.885
826 11.528
827 2.229
828 47.387
829 -14.161
830 48.094
831 -14.031
832 -37.261
833 -17.174
834 -29.023
835 36.46
836 0.922
837 -7.283
838 12.61
839 23.762
840 18.345
841 27.556
842 47.387
843 -11.73
844 -15.858
845 30.658
846 33.429
847 -39.444
848 -31.125
849 -40.478
850 -38.263
851 -30.639
852 -16.878
853 -40.285
854 2.227
855 -7.271
856 1.586
857 37.486
858 -39.726
859 -38.092
860 -6.615
861 -27.113
862 5.653
863 27.81
864 -31.403
865 -10.189
866 -43.526
867 -43.255
868 -12.652
869 -36.103
870 49.557
871 35.714
872 4.954
873 21.032
874 -8.741
875 -12.454
876 31.061
877 -40.526
878 11.937
879 -0.544
880 24.382
881 -46.387
882 -24.954
883 -49.527
884 -3.718
885 -6.835
886 -30.351
887 -4.677
888 10.551
889 -32.334
890 -10.294
891 5.89
892 42.829
893 -19.895
894 -11.12
895 5.348
896 44.172
897 -7.142
898 -35.464
899 -24.463
900 -26.976
901 41.706
902 -33.326
903 -48.173
904 9.039
905 1.173
906 30.279
907 34.497
908 -33.762
909 -24.821
910 -37.907
911 23.985
912 -21.213
913 -5.949
914 -34.466
915 36.776
916 -26.836
917 45.309
918 -22.428
919 46.89
920 33.627
921 -24.143
922 49.659
923 43.972
924 42.532
925 -26.024
926 42.682
927 33.801
928 -40.56
929 5.244
930 31.29
931 -7.308
932 -41.491
933 26.504
934 43.791
935 7.063
936 11.349
937 49.463
938 -16.609
939 47.959
940 27.052
941 32.685
942 40.651
943 -22.96
944 18.196
945 -2.487
946 -9.985
947 32.549
948 8.995
949 2.06
950 -23.62
951 13.442
952 7.034
953 15.01
954 -46.354
955 -44.74
956 -6.141
957 -4.145
958 -11.855
959 -7.464
960 11.297
961 27.826
962 41.26
963 -24.019
964 39.294
965 -35.873
966 8.612
967 -39.999
968 32.315
969 30.183
970 -36.781
971 -12.529
972 18.939
973 -25.166
974 -43.323
975 -20.868
976 13.324
977 -49.611
978 10.242
979 41.259
980 21.673
981 -8.103
982 0.648
983 33.808
984 38.389
985 29.532
986 -28.687
987 -11.42
988 33.301
989 -38.58
990 0.525
991 -23.848
992 -34.617
993 49.883
994 -16.849
995 5.748
996 -18.711
997 47.424
998 14.473
999 12.67
1000 32.3
